0.0169790630077
0.0418805427054
0.0410429318513
0.0295215406479
0.0307387970094
0.0307387970094
0.0301240210693
0.0328180245997
0.0321616641077
0.0301240210693
0.0423735753921
0.0295215406479
0.0325728132854
0.0462667665994
0.0462667665994
0.0432383422368
0.0482424961616
0.0482424961616
0.0508230154451
0.0482424961616
0.0482424961616
0.0590430812957
0.0578622196698
0.0508230154451
0.0432383422368
0.0492270368996
0.0567049752764
0.0578622196698
0.0578622196698
0.0590430812957
0.0567049752764
0.051860219842
0.0661558044892
0.0370472505139
0.0319213570197
0.0319213570197
0.0597381575082
0.039398038532
0.039398038532
0.0716501563441
0.0459210683196
0.0340060734505
