0.014445158965
0.0200826807128
0.0391166078117
0.045978265126
0.068967397689
0.0810653447064
0.0810653447064
0.0810653447064
0.13517609947
0.112702770427
0.115002826966
0.0810653447064
0.10101220597
0.13517609947
0.13517609947
0.0810653447064
0.0810653447064
0.13517609947
0.13517609947
0.13517609947
0.090117399647
0.0810653447064
0.0810653447064
0.0810653447064
0.0958833496218
0.0901326658254
0.13517609947
0.112702770427
0.0810653447064
0.0810653447064
0.0810653447064
0.0810653447064
0.0810653447064
0.0810653447064
0.13517609947
0.0939656826294
0.115002826966
0.0810653447064
0.0810653447064
0.10101220597
0.090117399647
0.090117399647
0.13517609947
0.112702770427
0.112702770427
0.112702770427
0.10101220597
0.0810653447064
0.10101220597
0.090117399647
0.13517609947
0.13517609947
0.10101220597
0.112702770427
0.084218700675
0.0810653447064
0.0810653447064
0.112702770427
0.0978401526753
0.13517609947
0.0810653447064
0.13517609947
0.0810653447064
0.13517609947
0.0939656826294
0.112702770427
0.13517609947
0.0810653447064
0.10101220597
0.0810653447064
0.0810653447064
0.090117399647
0.0810653447064
0.13517609947
0.0958833496218
0.0810653447064
0.0810653447064
0.13517609947
0.13517609947
0.112702770427
0.13517609947
0.10101220597
0.112702770427
0.13517609947
0.13517609947
0.0810653447064
0.0810653447064
0.0810653447064
0.090117399647
0.0810653447064
0.10101220597
0.0810653447064
0.0810653447064
0.090117399647
0.13517609947
0.115002826966
0.090117399647
0.10101220597
0.112702770427
0.10101220597
0.090117399647
0.13517609947
0.090117399647
0.0810653447064
0.0810653447064
0.0810653447064
0.0810653447064
0.090117399647
0.090117399647
0.0810653447064
0.0901326658254
0.13517609947
0.090117399647
0.10101220597
0.10101220597
0.13517609947
0.090117399647
0.090117399647
0.112702770427
0.112702770427
0.0810653447064
0.0810653447064
0.0810653447064
0.090117399647
0.0810653447064
0.0810653447064
0.0799425281727
0.10101220597
0.13517609947
0.13517609947
0.112702770427
0.112702770427
0.10101220597
0.10101220597
0.112702770427
0.0810653447064
0.115002826966
0.10101220597
0.13517609947
0.115002826966
0.13517609947
0.0859374496683
0.090117399647
0.13517609947
0.13517609947
0.13517609947
0.0810653447064
0.0810653447064
0.0859374496683
0.13517609947
0.13517609947
0.13517609947
0.0810653447064
0.0810653447064
0.090117399647
0.090117399647
0.090117399647
0.13517609947
0.0810653447064
0.0810653447064
0.0810653447064
0.112702770427
0.084218700675
0.10101220597
0.13517609947
0.0810653447064
0.084218700675
0.090117399647
0.090117399647
0.0810653447064
0.0810653447064
0.10101220597
0.10101220597
0.112702770427
0.0810653447064
0.13517609947
0.13517609947
0.10101220597
0.13517609947
0.10101220597
0.112702770427
0.0958833496218
0.10101220597
0.090117399647
0.10101220597
0.0958833496218
0.10101220597
0.10101220597
0.13517609947
0.13517609947
0.084218700675
0.0810653447064
0.0810653447064
0.0978401526753
0.0810653447064
0.13517609947
0.13517609947
0.115002826966
0.13517609947
0.0810653447064
0.0810653447064
0.13517609947
0.090117399647
0.13517609947
0.0958833496218
0.112702770427
0.10101220597
0.112702770427
0.0978401526753
0.0978401526753
0.0978401526753
0.090117399647
0.090117399647
0.090117399647
0.13517609947
0.090117399647
0.0810653447064
0.090117399647
0.0810653447064
0.112702770427
0.084218700675
0.084218700675
0.13517609947
0.13517609947
0.112702770427
0.0810653447064
0.10101220597
0.10101220597
0.115002826966
0.115002826966
0.115002826966
0.0810653447064
0.115002826966
0.13517609947
0.0810653447064
0.13517609947
0.090117399647
0.090117399647
0.10101220597
0.112702770427
0.0810653447064
0.10101220597
0.090117399647
0.0810653447064
0.0810653447064
0.0810653447064
0.0810653447064
0.10101220597
0.0810653447064
0.13517609947
0.0810653447064
0.090117399647
0.090117399647
0.0810653447064
0.090117399647
0.0810653447064
0.0859374496683
0.084218700675
0.0810653447064
0.0810653447064
0.13517609947
0.13517609947
0.13517609947
0.13517609947
0.13517609947
0.112702770427
0.13517609947
0.084218700675
0.0810653447064
0.0810653447064
0.0958356891386
0.090117399647
0.0810653447064
0.0810653447064
0.090117399647
0.115002826966
0.13517609947
0.090117399647
0.090117399647
0.084218700675
0.0810653447064
0.13517609947
0.090117399647
0.10101220597
0.115002826966
0.13517609947
0.13517609947
0.090117399647
0.115002826966
0.090117399647
0.13517609947
0.090117399647
0.13517609947
0.084218700675
0.084218700675
0.0810653447064
0.0810653447064
0.0810653447064
0.13517609947
0.090117399647
0.10101220597
0.0810653447064
0.0810653447064
0.112702770427
0.13517609947
0.090117399647
0.090117399647
0.112702770427
0.090117399647
0.084218700675
0.090117399647
