0.0256284032172
0.0283125115714
0.0341712042896
0.04161939201
0.0424687673571
0.0424687673571
0.0424687673571
0.0424687673571
0.0424687673571
0.0424687673571
0.0459210683196
0.0424687673571
0.0499184452425
0.0793475047179
0.0590137329073
0.0499184452425
0.069400149899
0.0793475047179
0.0793475047179
0.0793475047179
0.0793475047179
0.0815740083395
0.0906828625347
0.0793475047179
0.0819554588292
0.0951696763961
0.0951696763961
0.0815740083395
0.0815740083395
0.0815740083395
0.069400149899
0.0958833496218
0.0958833496218
0.0958833496218
0.0597381575082
0.0951696763961
0.0815740083395
0.0815740083395
0.0832387840199
0.0832387840199
0.0832387840199
0.0832387840199
0.069400149899
0.069400149899
0.0731124044328
0.0815740083395
0.0832387840199
0.0832387840199
0.0731124044328
0.0815740083395
0.0832387840199
0.0809668415489
0.0809668415489
0.0675059229481
0.0680121469011
0.0958833496218
0.0716501563441
0.076681539211
0.076681539211
0.0716501563441
0.0731124044328
0.0832387840199
0.0832387840199
0.0832387840199
0.0832387840199
0.0832387840199
0.0815740083395
0.0815740083395
0.0815740083395
0.0815740083395
0.0958833496218
0.0815740083395
0.076681539211
0.0832387840199
0.076681539211
0.0751479084268
0.076681539211
0.0799425281727
0.0751479084268
0.0859374496683
0.0716501563441
0.0859374496683
0.0978401526753
0.0978401526753
0.0978401526753
0.066651903963
0.0815740083395
0.0815740083395
0.0799425281727
0.0932662828682
0.0815740083395
0.076681539211
0.0815740083395
0.0799425281727
0.076681539211
0.076681539211
0.076681539211
0.076681539211
0.0783436776093
0.076681539211
0.0799425281727
0.0958833496218
0.0958833496218
0.0958833496218
0.0783436776093
0.0783436776093
0.0731124044328
0.0783436776093
0.0731124044328
0.0815740083395
0.0859374496683
0.0958833496218
0.0859374496683
0.0859374496683
0.108765344453
0.0731124044328
0.0731124044328
0.0958833496218
0.0859374496683
0.0859374496683
0.0958833496218
0.0958833496218
0.0859374496683
0.0958833496218
0.0958833496218
0.0958833496218
0.0815740083395
0.076681539211
0.0680121469011
0.0731124044328
0.0731124044328
0.0731124044328
0.0731124044328
0.0731124044328
0.0731124044328
0.0799425281727
0.0799425281727
0.0799425281727
0.0799425281727
0.0978401526753
0.0978401526753
0.0731124044328
0.0901326658254
0.0901326658254
0.0716501563441
0.0716501563441
0.0716501563441
0.0716501563441
0.0702171532173
0.0751479084268
0.0815740083395
0.0958833496218
0.0958833496218
0.0958833496218
0.0958833496218
0.0751479084268
0.0783436776093
0.0978401526753
0.0859374496683
0.0751479084268
0.0751479084268
0.0626437884196
0.0958833496218
0.0958833496218
0.0958833496218
0.0958833496218
0.0978401526753
0.0978401526753
0.0539763331277
0.0859374496683
0.0958833496218
0.0958833496218
0.0958833496218
0.0958833496218
0.0939656826294
0.084218700675
0.115002826966
0.0939656826294
0.0901326658254
0.0958833496218
0.0958833496218
0.10101220597
0.10101220597
0.10101220597
0.10101220597
0.10101220597
0.0859374496683
0.10101220597
0.10101220597
0.10101220597
0.10101220597
0.0978401526753
0.0859374496683
0.0978401526753
0.0958833496218
0.0799425281727
0.0958833496218
0.10101220597
0.10101220597
0.112702770427
0.0958833496218
0.10101220597
0.10101220597
0.10101220597
0.0958833496218
0.10101220597
0.112702770427
0.112702770427
0.10101220597
0.10101220597
0.112702770427
0.10101220597
0.115002826966
0.112702770427
0.112702770427
0.112702770427
0.10101220597
0.084218700675
0.10101220597
0.112702770427
0.112702770427
0.10101220597
0.13517609947
0.112702770427
0.112702770427
0.13517609947
0.10101220597
0.0958833496218
0.0958833496218
0.10101220597
0.10101220597
0.0859374496683
0.10101220597
0.0859374496683
0.0978401526753
0.10101220597
0.115002826966
0.0766685513109
0.112702770427
0.115002826966
0.115002826966
0.112702770427
0.112702770427
0.112702770427
0.115002826966
0.10101220597
0.10101220597
0.10101220597
0.10101220597
0.10101220597
0.115002826966
0.115002826966
0.0859374496683
0.10101220597
0.112702770427
0.10101220597
0.10101220597
0.115002826966
0.10101220597
0.0901326658254
0.115002826966
0.112702770427
0.115002826966
0.115002826966
0.115002826966
0.115002826966
0.115002826966
0.0939656826294
0.10101220597
0.10101220597
0.10101220597
0.0939656826294
0.115002826966
0.115002826966
0.115002826966
0.115002826966
0.115002826966
0.115002826966
0.115002826966
0.13517609947
0.13517609947
0.13517609947
0.10101220597
0.112702770427
0.112702770427
0.0958833496218
0.10101220597
0.115002826966
0.115002826966
0.13517609947
0.13517609947
0.13517609947
0.13517609947
0.0978401526753
0.115002826966
0.13517609947
0.13517609947
0.13517609947
0.115002826966
0.115002826966
0.115002826966
0.115002826966
0.115002826966
0.115002826966
0.115002826966
0.115002826966
0.115002826966
0.115002826966
0.115002826966
0.115002826966
0.0958833496218
0.10101220597
0.115002826966
0.0958833496218
0.112702770427
0.076681539211
0.10101220597
0.10101220597
0.10101220597
0.115002826966
0.112702770427
0.10101220597
0.0859374496683
0.0751479084268
0.0901326658254
0.0901326658254
0.112702770427
0.112702770427
0.10101220597
0.112702770427
0.13517609947
0.13517609947
0.13517609947
0.115002826966
0.115002826966
0.115002826966
0.10101220597
0.0978401526753
0.0859374496683
0.112702770427
0.112702770427
0.112702770427
0.10101220597
0.112702770427
0.112702770427
0.112702770427
0.112702770427
0.112702770427
0.10101220597
0.112702770427
0.10101220597
0.112702770427
0.0859374496683
0.0958833496218
0.084218700675
0.0766685513109
0.112702770427
0.115002826966
0.115002826966
0.10101220597
0.127844466162
0.112702770427
0.115002826966
0.115002826966
0.115002826966
0.112702770427
0.0978401526753
0.0859374496683
0.112702770427
0.10101220597
0.10101220597
0.10101220597
0.115002826966
0.13517609947
0.0859374496683
0.112702770427
0.115002826966
0.115002826966
0.10101220597
0.112702770427
0.115002826966
0.115002826966
0.112702770427
0.112702770427
0.112702770427
0.112702770427
0.0639222330812
0.112702770427
0.112702770427
0.0799425281727
0.10101220597
0.10101220597
0.112702770427
0.112702770427
0.112702770427
0.112702770427
0.0901326658254
0.112702770427
0.112702770427
0.10101220597
0.112702770427
0.112702770427
0.112702770427
0.112702770427
0.112702770427
0.0958833496218
0.0958833496218
0.0859374496683
0.10101220597
0.0652267684502
0.112702770427
0.084218700675
0.10101220597
0.10101220597
0.10101220597
0.0859374496683
0.115002826966
0.112702770427
0.10101220597
0.0958833496218
0.0859374496683
0.0958833496218
0.112702770427
0.112702770427
0.112702770427
0.112702770427
0.112702770427
0.112702770427
0.112702770427
0.10101220597
0.115002826966
0.115002826966
0.084218700675
0.112702770427
0.10101220597
0.10101220597
0.10101220597
0.13517609947
0.13517609947
0.115002826966
0.115002826966
0.115002826966
0.112702770427
0.10101220597
0.10101220597
0.112702770427
0.112702770427
0.112702770427
0.112702770427
0.112702770427
0.112702770427
0.112702770427
0.115002826966
0.10101220597
0.10101220597
0.115002826966
0.10101220597
0.10101220597
0.10101220597
0.13517609947
0.13517609947
0.112702770427
0.13517609947
0.10101220597
0.10101220597
0.112702770427
0.112702770427
0.10101220597
0.10101220597
0.0751351802847
0.112702770427
0.112702770427
0.115002826966
0.112702770427
0.10101220597
0.10101220597
0.115002826966
0.115002826966
0.084218700675
0.115002826966
0.10101220597
0.112702770427
0.10101220597
0.115002826966
0.115002826966
0.112702770427
0.112702770427
0.13517609947
0.13517609947
0.0958833496218
0.0958833496218
0.10101220597
0.112702770427
