0.0123839808895
0.0586749117175
0.0586749117175
0.0586749117175
0.0586749117175
0.0958833496218
0.0958833496218
0.0958833496218
0.0958833496218
0.0958833496218
0.0958833496218
0.0978401526753
0.0978401526753
0.0978401526753
0.0978401526753
0.112702770427
0.112702770427
0.115002826966
0.115002826966
0.115002826966
0.115002826966
0.115002826966
0.115002826966
0.115002826966
0.115002826966
0.115002826966
0.115002826966
0.115002826966
0.115002826966
0.115002826966
0.115002826966
0.115002826966
0.115002826966
0.115002826966
0.115002826966
0.115002826966
0.115002826966
0.115002826966
0.115002826966
0.115002826966
0.115002826966
0.115002826966
0.115002826966
0.115002826966
0.115002826966
0.115002826966
0.115002826966
0.115002826966
0.115002826966
0.115002826966
0.13517609947
0.13517609947
0.13517609947
0.13517609947
0.13517609947
0.13517609947
0.13517609947
0.13517609947
0.13517609947
0.13517609947
0.13517609947
0.13517609947
0.13517609947
0.13517609947
0.13517609947
0.13517609947
0.13517609947
0.13517609947
0.13517609947
0.13517609947
0.13517609947
0.13517609947
0.13517609947
0.13517609947
0.13517609947
0.13517609947
0.13517609947
0.13517609947
0.13517609947
0.13517609947
0.13517609947
0.13517609947
0.13517609947
0.13517609947
0.13517609947
0.13517609947
0.13517609947
0.13517609947
0.13517609947
0.13517609947
0.13517609947
0.13517609947
0.13517609947
0.13517609947
0.13517609947
0.13517609947
0.13517609947
0.13517609947
0.13517609947
0.13517609947
0.13517609947
0.13517609947
0.13517609947
0.13517609947
0.13517609947
0.13517609947
0.13517609947
0.13517609947
0.13517609947
0.13517609947
0.13517609947
0.13517609947
0.13517609947
0.13517609947
0.13517609947
0.13517609947
0.13517609947
0.13517609947
0.13517609947
0.13517609947
0.13517609947
0.13517609947
0.13517609947
0.13517609947
0.13517609947
0.13517609947
0.13517609947
0.13517609947
0.13517609947
0.13517609947
0.13517609947
0.13517609947
0.13517609947
0.13517609947
0.13517609947
0.13517609947
0.13517609947
0.13517609947
0.13517609947
0.13517609947
0.13517609947
0.13517609947
0.13517609947
0.13517609947
0.13517609947
0.13517609947
0.13517609947
0.13517609947
0.13517609947
0.13517609947
0.13517609947
0.13517609947
0.13517609947
0.13517609947
0.13517609947
0.13517609947
0.13517609947
0.13517609947
0.13517609947
0.13517609947
0.13517609947
0.13517609947
0.13517609947
0.13517609947
0.13517609947
0.13517609947
0.13517609947
0.13517609947
0.13517609947
0.13517609947
0.13517609947
0.13517609947
0.13517609947
0.13517609947
0.13517609947
0.13517609947
0.13517609947
0.13517609947
0.13517609947
0.13517609947
0.13517609947
0.13517609947
0.13517609947
0.13517609947
0.13517609947
0.13517609947
0.13517609947
0.13517609947
0.13517609947
0.13517609947
0.13517609947
0.13517609947
0.13517609947
0.13517609947
0.13517609947
0.13517609947
0.13517609947
0.13517609947
0.13517609947
0.13517609947
0.13517609947
0.13517609947
0.13517609947
0.13517609947
0.13517609947
0.13517609947
0.13517609947
0.13517609947
0.13517609947
0.13517609947
0.13517609947
0.13517609947
0.13517609947
0.13517609947
0.13517609947
0.13517609947
0.13517609947
0.13517609947
0.13517609947
0.13517609947
0.13517609947
0.13517609947
0.13517609947
0.13517609947
0.13517609947
0.13517609947
0.13517609947
0.13517609947
0.13517609947
0.13517609947
0.13517609947
0.13517609947
0.13517609947
0.13517609947
0.13517609947
0.13517609947
0.13517609947
